189
377
490
386
76
366
50
275
80
151
28
486
535
515
114
253
520
224
492
405
220
71
110
433
442
299
107
302
97
25
26
89
417
286
48
39
475
52
211
168
334
93
187
29
448
180
155
263
203
463
63
339
171
222
38
242
4
397
184
360
234
460
24
425
258
450
333
412
467
276
374
143
472
525
90
310
487
317
244
337
218
504
153
102
381
172
129
516
134
30
42
421
304
422
3
510
277
341
217
291
335
530
46
489
491
430
94
287
2
413
296
367
170
185
167
432
191
204
145
152
100
246
12
69
262
108
49
357
193
536
326
92
454
285
35
272
19
356
178
121
379
37
297
531
133
260
348
188
169
349
372
32
401
156
511
375
181
216
257
210
526
136
16
223
478
117
162
165
21
137
64
344
174
456
396
240
455
231
15
303
72
332
347
45
312
325
125
342
115
268
186
436
499
354
273
166
261
521
346
23
382
271
198
266
163
269
399
319
243
232
279
284
343
482
358
256
98
340
130
0
470
264
142
241
95
289
10
226
109
414
392
237
214
282
159
540
509
388
13
497
5
177
506
252
385
328
225
123
495
62
66
11
91
329
233
322
415
476
505
512
481
398
292
200
139
6
404
148
508
230
457
36
197
124
387
403
324
215
355
431
309
400
527
202
301
313
51
458
477
83
318
149
517
250
157
105
141
537
112
409
522
459
493
120
235
221
9
500
58
219
439
327
146
300
453
119
426
314
532
462
249
494
209
99
179
161
274
132
192
27
395
502
298
444
447
410
84
362
267
245
251
247
88
523
73
87
86
484
408
43
391
44
406
67
175
290
41
446
370
239
424
104
212
34
533
31
68
503
154
513
350
77
208
47
158
411
488
480
54
452
255
103
265
1
75
205
196
74
229
345
407
507
213
361
61
320
371
469
473
538
419
248
441
501
464
40
53
498
227
70
176
380
423
365
461
57
440
207
288
445
190
518
56
364
528
135
353
150
295
118
138
122
126
106
7
393
111
524
147
418
55
81
316
443
18
113
160
479
164
96
278
369
474
65
449
294
293
429
206
383
352
471
254
359
228
438
306
321
280
483
529
82
428
238
496
390
394
389
338
22
33
281
85
14
144
451
183
434
8
468
427
351
485
539
330
101
78
182
283
131
534
465
435
420
127
373
416
376
466
368
173
128
195
60
17
194
323
59
307
336
308
402
363
315
259
514
437
519
270
378
384
199
20
201
140
236
79
331
311
305
116
